NBlade:   2 
RotN:   0.00000e+00   1.00000e+00   0.00000e+00 
RotP:   0.00000e+00   0.00000e+00   0.00000e+00 
RefAR:   3.52000e+00 
RefR:   3.15000e+01 
Type: VAWT
Blade 1: 
	NElem:   5 
	QCx:  -1.25936e-02  -1.25936e-02  -1.25936e-02  -1.25936e-02  -1.25936e-02  -1.25936e-02 
	QCy:   0.00000e+00   5.28000e-01   1.05600e+00   1.58400e+00   2.11200e+00   2.64000e+00 
	QCz:  -0.00000e+00  -6.40000e-01  -9.60000e-01  -9.60000e-01  -6.40000e-01  -0.00000e+00 
	nx:   0.00000e+00   0.00000e+00   0.00000e+00   0.00000e+00   0.00000e+00   0.00000e+00 
	ny:   8.34609e-01   6.72673e-01   2.90007e-01  -2.90007e-01  -6.72673e-01  -8.34609e-01 
	nz:   5.50842e-01   7.39940e-01   9.57024e-01   9.57024e-01   7.39940e-01   5.50842e-01 
	tx:   1.00000e+00   1.00000e+00   1.00000e+00   1.00000e+00   1.00000e+00   1.00000e+00 
	ty:   0.00000e+00   0.00000e+00   0.00000e+00   0.00000e+00   0.00000e+00   0.00000e+00 
	tz:   0.00000e+00   0.00000e+00   0.00000e+00   0.00000e+00   0.00000e+00   0.00000e+00 
	CtoR:   7.40800e-02   7.40800e-02   7.40800e-02   7.40800e-02   7.40800e-02   7.40800e-02 
	AreaR:   6.14634e-02   4.57371e-02   3.91142e-02   4.57371e-02   6.14634e-02 
	iSect:   1   1   1   1   1 
Blade 2: 
	NElem:   5 
	QCx:   1.25936e-02   1.25936e-02   1.25936e-02   1.25936e-02   1.25936e-02   1.25936e-02 
	QCy:   0.00000e+00   5.28000e-01   1.05600e+00   1.58400e+00   2.11200e+00   2.64000e+00 
	QCz:   1.54227e-18   6.40000e-01   9.60000e-01   9.60000e-01   6.40000e-01   1.54227e-18 
	nx:   6.74587e-17   9.06165e-17   1.17202e-16   1.17202e-16   9.06165e-17   6.74587e-17 
	ny:   8.34609e-01   6.72673e-01   2.90007e-01  -2.90007e-01  -6.72673e-01  -8.34609e-01 
	nz:  -5.50842e-01  -7.39940e-01  -9.57024e-01  -9.57024e-01  -7.39940e-01  -5.50842e-01 
	tx:  -1.00000e+00  -1.00000e+00  -1.00000e+00  -1.00000e+00  -1.00000e+00  -1.00000e+00 
	ty:   0.00000e+00   0.00000e+00   0.00000e+00   0.00000e+00   0.00000e+00   0.00000e+00 
	tz:  -1.22465e-16  -1.22465e-16  -1.22465e-16  -1.22465e-16  -1.22465e-16  -1.22465e-16 
	CtoR:   7.40800e-02   7.40800e-02   7.40800e-02   7.40800e-02   7.40800e-02   7.40800e-02 
	AreaR:   6.14634e-02   4.57371e-02   3.91142e-02   4.57371e-02   6.14634e-02 
	iSect:   1   1   1   1   1 
