NBlade:   2 
RotN:   1.00000e+00   0.00000e+00   0.00000e+00 
RotP:   0.00000e+00   0.00000e+00   0.00000e+00 
RefAR:   3.14159e+00 
RefR:   1.81500e+01 
Type: HAWT
Blade 1: 
	NElem:   5 
	QCx:  -2.91185e-04  -2.91185e-04  -2.91185e-04  -2.91185e-04  -2.91185e-04  -2.91185e-04 
	QCy:   3.34000e-02   2.26720e-01   4.20040e-01   6.13360e-01   8.06680e-01   1.00000e+00 
	QCz:   1.94836e-03   1.94836e-03   1.94836e-03   1.94836e-03   1.94836e-03   1.94836e-03 
	nx:   9.89016e-01   8.78817e-01   9.73519e-01   9.87705e-01   9.91262e-01   9.94522e-01 
	ny:   0.00000e+00   0.00000e+00   0.00000e+00   0.00000e+00   0.00000e+00   0.00000e+00 
	nz:   1.47809e-01   4.77159e-01   2.28606e-01   1.56331e-01   1.31910e-01   1.04528e-01 
	tx:   1.47809e-01   4.77159e-01   2.28606e-01   1.56331e-01   1.31910e-01   1.04528e-01 
	ty:   0.00000e+00   0.00000e+00   0.00000e+00   0.00000e+00   0.00000e+00   0.00000e+00 
	tz:  -9.89016e-01  -8.78817e-01  -9.73519e-01  -9.87705e-01  -9.91262e-01  -9.94522e-01 
	CtoR:   3.94000e-02   1.33200e-01   1.13300e-01   9.26000e-02   7.59000e-02   5.51000e-02 
	AreaR:   1.67445e-02   2.39241e-02   1.99066e-02   1.62875e-02   1.26626e-02 
	iSect:   1   1   1   1   1 
Blade 2: 
	NElem:   5 
	QCx:  -2.91185e-04  -2.91185e-04  -2.91185e-04  -2.91185e-04  -2.91185e-04  -2.91185e-04 
	QCy:  -3.34000e-02  -2.26720e-01  -4.20040e-01  -6.13360e-01  -8.06680e-01  -1.00000e+00 
	QCz:  -1.94836e-03  -1.94836e-03  -1.94836e-03  -1.94836e-03  -1.94836e-03  -1.94836e-03 
	nx:   9.89016e-01   8.78817e-01   9.73519e-01   9.87705e-01   9.91262e-01   9.94522e-01 
	ny:  -1.81014e-17  -5.84351e-17  -2.79961e-17  -1.91450e-17  -1.61544e-17  -1.28010e-17 
	nz:  -1.47809e-01  -4.77159e-01  -2.28606e-01  -1.56331e-01  -1.31910e-01  -1.04528e-01 
	tx:   1.47809e-01   4.77159e-01   2.28606e-01   1.56331e-01   1.31910e-01   1.04528e-01 
	ty:   1.21120e-16   1.07624e-16   1.19222e-16   1.20959e-16   1.21395e-16   1.21794e-16 
	tz:   9.89016e-01   8.78817e-01   9.73519e-01   9.87705e-01   9.91262e-01   9.94522e-01 
	CtoR:   3.94000e-02   1.33200e-01   1.13300e-01   9.26000e-02   7.59000e-02   5.51000e-02 
	AreaR:   1.67445e-02   2.39241e-02   1.99066e-02   1.62875e-02   1.26626e-02 
	iSect:   1   1   1   1   1 
